Signaling-by-EGFR	Signaling-by-ERBB2	Signaling-by-ERBB4	PI3K-AKT-Signaling	Signaling-by-MET	Signaling-by-FGFR	ERK1-ERK2-pathway	Signaling-by-Type-1-Insulin-like-Growth-Factor-1-Receptor-(IGF1R)	Signaling-by-Insulin-receptor	Integrin-signaling	Signaling-by-GPCR	DAG-and-IP3-signaling	Signaling-by-PDGF	Signaling-by-VEGF	Signaling-by-NTRKs	Signaling-by-WNT	TNF-signaling	Signaling-by-PTK6	Signaling-by-TGF-beta-Receptor-Complex	TRAIL-signaling	FasL--CD95L-signaling	Signaling-by-NOTCH	Signaling-by-BMP	Signaling-by-Activin	MAPK6-MAPK4-signaling	p75-NTR-receptor-mediated-signalling	Signaling-by-SCF-KIT	Signaling-by-Hedgehog	Signaling-by-Nuclear-Receptors	Signaling-by-Leptin	Signaling-by-Hippo	Signaling-by-Rho-GTPases	Signaling-by-MST1	mTOR-signalling
Signaling-by-EGFR	1.0	0.3069306930693069	0.24752475247524752	0.2376237623762376	0.3465346534653465	0.27722772277227725	0.2376237623762376	0.07920792079207921	0.0891089108910891	0.039603960396039604	0.0891089108910891	0.009900990099009901	0.10891089108910891	0.04950495049504951	0.13861386138613863	0.13861386138613863	0.1485148514851485	0.18811881188118812	0.1485148514851485	0.0	0.0	0.16831683168316833	0.0	0.0	0.1485148514851485	0.16831683168316833	0.0891089108910891	0.1485148514851485	0.0	0.009900990099009901	0.0	0.039603960396039604	0.0	0.0
Signaling-by-ERBB2	0.29523809523809524	1.0	0.2857142857142857	0.34285714285714286	0.23809523809523808	0.22857142857142856	0.3238095238095238	0.08571428571428572	0.08571428571428572	0.0380952380952381	0.09523809523809523	0.009523809523809525	0.10476190476190476	0.09523809523809523	0.13333333333333333	0.1523809523809524	0.13333333333333333	0.2761904761904762	0.1619047619047619	0.0	0.0	0.14285714285714285	0.0	0.0	0.13333333333333333	0.1619047619047619	0.0761904761904762	0.13333333333333333	0.0	0.0	0.0	0.05714285714285714	0.0	0.0
Signaling-by-ERBB4	0.2717391304347826	0.32608695652173914	1.0	0.2717391304347826	0.21739130434782608	0.21739130434782608	0.29347826086956524	0.06521739130434782	0.07608695652173914	0.03260869565217391	0.09782608695652174	0.0	0.06521739130434782	0.021739130434782608	0.07608695652173914	0.15217391304347827	0.17391304347826086	0.22826086956521738	0.16304347826086957	0.0	0.0	0.20652173913043478	0.0	0.0	0.15217391304347827	0.18478260869565216	0.06521739130434782	0.17391304347826086	0.10869565217391304	0.0	0.021739130434782608	0.021739130434782608	0.0	0.0
PI3K-AKT-Signaling	0.07207207207207207	0.10810810810810811	0.07507507507507508	1.0	0.07807807807807808	0.2072072072072072	0.21021021021021022	0.08108108108108109	0.08708708708708708	0.009009009009009009	0.036036036036036036	0.006006006006006006	0.03303303303303303	0.04804804804804805	0.03303303303303303	0.07807807807807808	0.04504504504504504	0.06306306306306306	0.04804804804804805	0.0	0.0	0.07807807807807808	0.0	0.0	0.06006006006006006	0.06606606606606606	0.03003003003003003	0.05105105105105105	0.021021021021021023	0.0	0.0	0.03003003003003003	0.0	0.05405405405405406
Signaling-by-MET	0.2892561983471074	0.2066115702479339	0.1652892561983471	0.21487603305785125	1.0	0.2066115702479339	0.23140495867768596	0.06611570247933884	0.06611570247933884	0.06611570247933884	0.05785123966942149	0.0	0.09917355371900827	0.05785123966942149	0.1322314049586777	0.1322314049586777	0.11570247933884298	0.21487603305785125	0.12396694214876033	0.0	0.0	0.11570247933884298	0.0	0.0	0.1322314049586777	0.12396694214876033	0.09917355371900827	0.11570247933884298	0.0	0.04132231404958678	0.0	0.04132231404958678	0.024793388429752067	0.0
Signaling-by-FGFR	0.12669683257918551	0.1085972850678733	0.09049773755656108	0.31221719457013575	0.11312217194570136	1.0	0.3212669683257919	0.13122171945701358	0.13122171945701358	0.00904977375565611	0.03619909502262444	0.004524886877828055	0.04524886877828054	0.01809954751131222	0.07692307692307693	0.06334841628959276	0.06334841628959276	0.07692307692307693	0.06787330316742081	0.0	0.0	0.06334841628959276	0.0	0.0	0.06334841628959276	0.06787330316742081	0.04072398190045249	0.06334841628959276	0.027149321266968326	0.004524886877828055	0.0	0.02262443438914027	0.0	0.0
ERK1-ERK2-pathway	0.08247422680412371	0.11683848797250859	0.09278350515463918	0.24054982817869416	0.09621993127147767	0.24398625429553264	1.0	0.09965635738831616	0.10996563573883161	0.061855670103092786	0.09965635738831616	0.003436426116838488	0.041237113402061855	0.013745704467353952	0.037800687285223365	0.07216494845360824	0.048109965635738834	0.08247422680412371	0.048109965635738834	0.0	0.0	0.061855670103092786	0.0	0.0	0.054982817869415807	0.05154639175257732	0.03436426116838488	0.06529209621993128	0.006872852233676976	0.006872852233676976	0.006872852233676976	0.037800687285223365	0.0	0.003436426116838488
Signaling-by-Type-1-Insulin-like-Growth-Factor-1-Receptor-(IGF1R)	0.125	0.140625	0.09375	0.421875	0.125	0.453125	0.453125	1.0	0.734375	0.046875	0.140625	0.0	0.125	0.078125	0.15625	0.0	0.0	0.03125	0.0	0.0	0.0	0.0	0.0	0.0	0.0	0.015625	0.109375	0.0	0.0	0.03125	0.0	0.046875	0.0	0.015625
Signaling-by-Insulin-receptor	0.11842105263157894	0.11842105263157894	0.09210526315789473	0.3815789473684211	0.10526315789473684	0.3815789473684211	0.42105263157894735	0.618421052631579	1.0	0.06578947368421052	0.11842105263157894	0.0	0.10526315789473684	0.06578947368421052	0.14473684210526316	0.0	0.0	0.02631578947368421	0.0	0.0	0.0	0.0	0.0	0.0	0.0	0.013157894736842105	0.10526315789473684	0.0	0.0	0.02631578947368421	0.0	0.039473684210526314	0.0	0.013157894736842105
Integrin-signaling	0.07547169811320754	0.07547169811320754	0.05660377358490566	0.05660377358490566	0.1509433962264151	0.03773584905660377	0.33962264150943394	0.05660377358490566	0.09433962264150944	1.0	0.09433962264150944	0.0	0.11320754716981132	0.11320754716981132	0.09433962264150944	0.0	0.0	0.05660377358490566	0.0	0.0	0.0	0.0	0.0	0.0	0.0	0.018867924528301886	0.05660377358490566	0.0	0.0	0.0	0.0	0.09433962264150944	0.0	0.018867924528301886
Signaling-by-GPCR	0.011306532663316583	0.01256281407035176	0.011306532663316583	0.01507537688442211	0.008793969849246231	0.010050251256281407	0.0364321608040201	0.011306532663316583	0.011306532663316583	0.00628140703517588	1.0	0.0364321608040201	0.008793969849246231	0.02386934673366834	0.02135678391959799	0.018844221105527637	0.0	0.007537688442211055	0.002512562814070352	0.0	0.0	0.005025125628140704	0.0	0.0	0.002512562814070352	0.020100502512562814	0.01507537688442211	0.005025125628140704	0.002512562814070352	0.001256281407035176	0.0	0.032663316582914576	0.0	0.0
DAG-and-IP3-signaling	0.03125	0.03125	0.0	0.0625	0.0	0.03125	0.03125	0.0	0.0	0.0	0.90625	1.0	0.03125	0.3125	0.09375	0.125	0.0	0.0	0.0	0.0	0.0	0.03125	0.0	0.0	0.03125	0.0	0.03125	0.0	0.0	0.0	0.0	0.0625	0.0	0.0
Signaling-by-PDGF	0.1375	0.1375	0.075	0.1375	0.15	0.125	0.15	0.1	0.1	0.075	0.0875	0.0125	1.0	0.1375	0.175	0.0	0.0	0.075	0.0125	0.0	0.0	0.0125	0.0	0.0	0.0	0.0125	0.1375	0.0	0.0	0.025	0.0	0.0375	0.0	0.0
Signaling-by-VEGF	0.0273224043715847	0.0546448087431694	0.01092896174863388	0.08743169398907104	0.03825136612021858	0.02185792349726776	0.02185792349726776	0.0273224043715847	0.0273224043715847	0.03278688524590164	0.10382513661202186	0.0546448087431694	0.060109289617486336	1.0	0.09836065573770492	0.03278688524590164	0.0	0.06557377049180328	0.01092896174863388	0.0	0.0	0.0	0.0	0.0	0.06557377049180328	0.02185792349726776	0.04371584699453552	0.0	0.0	0.0	0.0	0.17486338797814208	0.0	0.00546448087431694
Signaling-by-NTRKs	0.07608695652173914	0.07608695652173914	0.03804347826086957	0.059782608695652176	0.08695652173913043	0.09239130434782608	0.059782608695652176	0.05434782608695652	0.059782608695652176	0.02717391304347826	0.09239130434782608	0.016304347826086956	0.07608695652173914	0.09782608695652174	1.0	0.0	0.0	0.03804347826086957	0.005434782608695652	0.0	0.0	0.005434782608695652	0.0	0.0	0.005434782608695652	0.02717391304347826	0.05434782608695652	0.0	0.010869565217391304	0.021739130434782608	0.005434782608695652	0.03260869565217391	0.0	0.005434782608695652
Signaling-by-WNT	0.04294478527607362	0.049079754601226995	0.04294478527607362	0.07975460122699386	0.049079754601226995	0.04294478527607362	0.06441717791411043	0.0	0.0	0.0	0.046012269938650305	0.012269938650306749	0.0	0.018404907975460124	0.0	1.0	0.049079754601226995	0.04294478527607362	0.06748466257668712	0.0	0.0	0.06748466257668712	0.009202453987730062	0.0	0.06441717791411043	0.046012269938650305	0.003067484662576687	0.08588957055214724	0.046012269938650305	0.0	0.003067484662576687	0.05521472392638037	0.0	0.0
TNF-signaling	0.16129032258064516	0.15053763440860216	0.17204301075268819	0.16129032258064516	0.15053763440860216	0.15053763440860216	0.15053763440860216	0.0	0.0	0.0	0.0	0.0	0.0	0.0	0.0	0.17204301075268819	1.0	0.15053763440860216	0.15053763440860216	0.021505376344086023	0.021505376344086023	0.16129032258064516	0.0	0.0	0.15053763440860216	0.1935483870967742	0.0	0.16129032258064516	0.0	0.0	0.0	0.0	0.0	0.0
Signaling-by-PTK6	0.16666666666666666	0.2543859649122807	0.18421052631578946	0.18421052631578946	0.22807017543859648	0.14912280701754385	0.21052631578947367	0.017543859649122806	0.017543859649122806	0.02631578947368421	0.05263157894736842	0.0	0.05263157894736842	0.10526315789473684	0.06140350877192982	0.12280701754385964	0.12280701754385964	1.0	0.14912280701754385	0.0	0.0	0.14035087719298245	0.0	0.0	0.13157894736842105	0.14912280701754385	0.05263157894736842	0.12280701754385964	0.008771929824561403	0.043859649122807015	0.0	0.05263157894736842	0.0	0.0
Signaling-by-TGF-beta-Receptor-Complex	0.09036144578313253	0.10240963855421686	0.09036144578313253	0.0963855421686747	0.09036144578313253	0.09036144578313253	0.08433734939759036	0.0	0.0	0.0	0.012048192771084338	0.0	0.006024096385542169	0.012048192771084338	0.006024096385542169	0.13253012048192772	0.08433734939759036	0.10240963855421686	1.0	0.0	0.0	0.16265060240963855	0.03614457831325301	0.060240963855421686	0.0963855421686747	0.10240963855421686	0.006024096385542169	0.0963855421686747	0.03614457831325301	0.0	0.012048192771084338	0.018072289156626505	0.0	0.0
TRAIL-signaling	0.0	0.0	0.0	0.0	0.0	0.0	0.0	0.0	0.0	0.0	0.0	0.0	0.0	0.0	0.0	0.0	0.15384615384615385	0.0	0.0	1.0	0.23076923076923078	0.0	0.0	0.0	0.0	0.0	0.0	0.0	0.0	0.0	0.0	0.0	0.0	0.0
FasL--CD95L-signaling	0.0	0.0	0.0	0.0	0.0	0.0	0.0	0.0	0.0	0.0	0.0	0.0	0.0	0.0	0.0	0.0	0.2	0.0	0.0	0.3	1.0	0.0	0.0	0.0	0.0	0.0	0.0	0.0	0.0	0.0	0.0	0.0	0.0	0.0
Signaling-by-NOTCH	0.06273062730627306	0.055350553505535055	0.07011070110701106	0.0959409594095941	0.05166051660516605	0.05166051660516605	0.06642066420664207	0.0	0.0	0.0	0.014760147601476014	0.0036900369003690036	0.0036900369003690036	0.0	0.0036900369003690036	0.08118081180811808	0.055350553505535055	0.05904059040590406	0.0996309963099631	0.0	0.0	1.0	0.0	0.0	0.06642066420664207	0.07011070110701106	0.0	0.07749077490774908	0.033210332103321034	0.0	0.0036900369003690036	0.0	0.0	0.0
Signaling-by-BMP	0.0	0.0	0.0	0.0	0.0	0.0	0.0	0.0	0.0	0.0	0.0	0.0	0.0	0.0	0.0	0.08333333333333333	0.0	0.0	0.16666666666666666	0.0	0.0	0.0	1.0	0.05555555555555555	0.0	0.0	0.0	0.08333333333333333	0.0	0.0	0.0	0.0	0.0	0.0
Signaling-by-Activin	0.0	0.0	0.0	0.0	0.0	0.0	0.0	0.0	0.0	0.0	0.0	0.0	0.0	0.0	0.0	0.0	0.0	0.0	0.35714285714285715	0.0	0.0	0.0	0.07142857142857142	1.0	0.0	0.0	0.0	0.0	0.0	0.0	0.0	0.0	0.0	0.0
MAPK6-MAPK4-signaling	0.14285714285714285	0.13333333333333333	0.13333333333333333	0.19047619047619047	0.1523809523809524	0.13333333333333333	0.1523809523809524	0.0	0.0	0.0	0.01904761904761905	0.009523809523809525	0.0	0.11428571428571428	0.009523809523809525	0.2	0.13333333333333333	0.14285714285714285	0.1523809523809524	0.0	0.0	0.17142857142857143	0.0	0.0	1.0	0.14285714285714285	0.009523809523809525	0.1523809523809524	0.047619047619047616	0.0	0.0	0.1619047619047619	0.0	0.0
p75-NTR-receptor-mediated-signalling	0.13178294573643412	0.13178294573643412	0.13178294573643412	0.17054263565891473	0.11627906976744186	0.11627906976744186	0.11627906976744186	0.007751937984496124	0.007751937984496124	0.007751937984496124	0.12403100775193798	0.0	0.007751937984496124	0.031007751937984496	0.03875968992248062	0.11627906976744186	0.13953488372093023	0.13178294573643412	0.13178294573643412	0.0	0.0	0.14728682170542637	0.0	0.0	0.11627906976744186	1.0	0.015503875968992248	0.11627906976744186	0.007751937984496124	0.0	0.023255813953488372	0.15503875968992248	0.0	0.0
Signaling-by-SCF-KIT	0.11392405063291139	0.10126582278481013	0.0759493670886076	0.12658227848101267	0.1518987341772152	0.11392405063291139	0.12658227848101267	0.08860759493670886	0.10126582278481013	0.0379746835443038	0.1518987341772152	0.012658227848101266	0.13924050632911392	0.10126582278481013	0.12658227848101267	0.012658227848101266	0.0	0.0759493670886076	0.012658227848101266	0.0	0.0	0.0	0.0	0.0	0.012658227848101266	0.02531645569620253	1.0	0.0	0.0	0.05063291139240506	0.0	0.08860759493670886	0.0	0.0
Signaling-by-Hedgehog	0.0872093023255814	0.08139534883720931	0.09302325581395349	0.09883720930232558	0.08139534883720931	0.08139534883720931	0.11046511627906977	0.0	0.0	0.0	0.023255813953488372	0.0	0.0	0.0	0.0	0.16279069767441862	0.0872093023255814	0.08139534883720931	0.09302325581395349	0.0	0.0	0.12209302325581395	0.01744186046511628	0.0	0.09302325581395349	0.0872093023255814	0.0	1.0	0.0	0.0	0.0	0.0	0.0	0.0
Signaling-by-Nuclear-Receptors	0.0	0.0	0.04807692307692308	0.03365384615384615	0.0	0.028846153846153848	0.009615384615384616	0.0	0.0	0.0	0.009615384615384616	0.0	0.0	0.0	0.009615384615384616	0.07211538461538461	0.0	0.004807692307692308	0.028846153846153848	0.0	0.0	0.04326923076923077	0.0	0.0	0.02403846153846154	0.004807692307692308	0.0	0.0	1.0	0.0	0.0	0.028846153846153848	0.0	0.0
Signaling-by-Leptin	0.03225806451612903	0.0	0.0	0.0	0.16129032258064516	0.03225806451612903	0.06451612903225806	0.06451612903225806	0.06451612903225806	0.0	0.03225806451612903	0.0	0.06451612903225806	0.0	0.12903225806451613	0.0	0.0	0.16129032258064516	0.0	0.0	0.0	0.0	0.0	0.0	0.0	0.0	0.12903225806451613	0.0	0.0	1.0	0.0	0.0	0.0	0.0
Signaling-by-Hippo	0.0	0.0	0.044444444444444446	0.0	0.0	0.0	0.044444444444444446	0.0	0.0	0.0	0.0	0.0	0.0	0.0	0.022222222222222223	0.022222222222222223	0.0	0.0	0.044444444444444446	0.0	0.0	0.022222222222222223	0.0	0.0	0.0	0.06666666666666667	0.0	0.0	0.0	0.0	1.0	0.08888888888888889	0.0	0.022222222222222223
Signaling-by-Rho-GTPases	0.013745704467353952	0.020618556701030927	0.006872852233676976	0.03436426116838488	0.01718213058419244	0.01718213058419244	0.037800687285223365	0.010309278350515464	0.010309278350515464	0.01718213058419244	0.08934707903780069	0.006872852233676976	0.010309278350515464	0.10996563573883161	0.020618556701030927	0.061855670103092786	0.0	0.020618556701030927	0.010309278350515464	0.0	0.0	0.0	0.0	0.0	0.058419243986254296	0.06872852233676977	0.024054982817869417	0.0	0.020618556701030927	0.0	0.013745704467353952	1.0	0.0	0.003436426116838488
Signaling-by-MST1	0.0	0.0	0.0	0.0	0.3333333333333333	0.0	0.0	0.0	0.0	0.0	0.0	0.0	0.0	0.0	0.0	0.0	0.0	0.0	0.0	0.0	0.0	0.0	0.0	0.0	0.0	0.0	0.0	0.0	0.0	0.0	0.0	0.0	1.0	0.0
mTOR-signalling	0.0	0.0	0.0	0.3157894736842105	0.0	0.0	0.017543859649122806	0.017543859649122806	0.017543859649122806	0.017543859649122806	0.0	0.0	0.0	0.017543859649122806	0.017543859649122806	0.0	0.0	0.0	0.0	0.0	0.0	0.0	0.0	0.0	0.0	0.0	0.0	0.0	0.0	0.0	0.017543859649122806	0.017543859649122806	0.0	1.0
